Tiempo - Velocidad - Distancia
3.00       6.99      10.48
6.00      13.98      41.94
9.00      20.97      94.36
12.00      27.96     167.76
15.00      34.95     262.12
18.00      41.94     377.46
21.00      48.93     513.76
24.00      55.92     671.04
27.00      62.91     849.29
30.00      69.90    1048.50
33.00      76.89    1268.68
36.00      83.88    1509.84
39.00      90.87    1771.97
42.00      97.86    2055.06
45.00     104.85    2359.12
48.00     111.84    2684.16
51.00     118.83    3030.16
54.00     125.82    3397.14
57.00     132.81    3785.09
60.00     139.80    4194.00
63.00     146.79    4623.88
66.00     153.78    5074.74
69.00     160.77    5546.57
72.00     167.76    6039.36
75.00     174.75    6553.12
78.00     181.74    7087.86
81.00     188.73    7643.57
84.00     195.72    8220.24
87.00     202.71    8817.89
90.00     209.70    9436.50
93.00     216.69   10076.08
96.00     223.68   10736.64
99.00     230.67   11418.17
102.00     237.66   12120.66
105.00     244.65   12844.12
108.00     251.64   13588.56
111.00     258.63   14353.97
114.00     265.62   15140.34
117.00     272.61   15947.69
120.00     279.60   16776.00
123.00     286.59   17625.29
126.00     293.58   18495.54
129.00     300.57   19386.76
132.00     307.56   20298.96
135.00     314.55   21232.12
138.00     321.54   22186.26
141.00     328.53   23161.37
144.00     335.52   24157.44
147.00     342.51   25174.49
150.00     349.50   26212.50
153.00     356.49   27271.49
156.00     363.48   28351.44
159.00     370.47   29452.37
162.00     377.46   30574.26
165.00     384.45   31717.12
168.00     391.44   32880.96
171.00     398.43   34065.76
174.00     405.42   35271.54
177.00     412.41   36498.29
180.00     419.40   37746.00
183.00     426.39   39014.68
186.00     433.38   40304.34
189.00     440.37   41614.97
192.00     447.36   42946.56
195.00     454.35   44299.12
198.00     461.34   45672.66
201.00     468.33   47067.17
204.00     475.32   48482.64
207.00     482.31   49919.08
210.00     489.30   51376.50
213.00     496.29   52854.89
216.00     503.28   54354.24
219.00     510.27   55874.57
222.00     517.26   57415.86
225.00     524.25   58978.12
228.00     531.24   60561.36
231.00     538.23   62165.57
234.00     545.22   63790.74
237.00     552.21   65436.89
240.00     559.20   67104.00
243.00     566.19   68792.09
246.00     573.18   70501.14
249.00     580.17   72231.17
252.00     587.16   73982.16
255.00     594.15   75754.12
258.00     601.14   77547.06
261.00     608.13   79360.96
264.00     615.12   81195.84
267.00     622.11   83051.68
270.00     629.10   84928.50
273.00     636.09   86826.29
276.00     643.08   88745.04
279.00     650.07   90684.77
282.00     657.06   92645.46
285.00     664.05   94627.13
288.00     671.04   96629.76
291.00     678.03   98653.36
294.00     685.02  100697.94
297.00     692.01  102763.49
300.00     699.00  104850.00
303.00     705.99  106957.49
306.00     712.98  109085.94
309.00     719.97  111235.37
312.00     726.96  113405.76
315.00     733.95  115597.12
318.00     740.94  117809.46
321.00     747.93  120042.77
324.00     754.92  122297.04
327.00     761.91  124572.28
330.00     768.90  126868.50
333.00     775.89  129185.68
336.00     782.88  131523.84
339.00     789.87  133882.96
342.00     796.86  136263.06
345.00     803.85  138664.12
348.00     810.84  141086.16
351.00     817.83  143529.17
354.00     824.82  145993.14
357.00     831.81  148478.09
360.00     838.80  150984.00
363.00     845.79  153510.89
366.00     852.78  156058.74
369.00     859.77  158627.57
372.00     866.76  161217.36
375.00     873.75  163828.12
378.00     880.74  166459.86
381.00     887.73  169112.57
384.00     894.72  171786.24
387.00     901.71  174480.89
390.00     908.70  177196.50
393.00     915.69  179933.09
396.00     922.68  182690.64
399.00     929.67  185469.17
402.00     936.66  188268.66
405.00     943.65  191089.12
408.00     950.64  193930.56
411.00     957.63  196792.96
414.00     964.62  199676.34
417.00     971.61  202580.68
420.00     978.60  205506.00
423.00     985.59  208452.29
426.00     992.58  211419.54
429.00     999.57  214407.77
432.00    1006.56  217416.96
435.00    1013.55  220447.13
438.00    1020.54  223498.26
441.00    1027.53  226570.36
444.00    1034.52  229663.44
447.00    1041.51  232777.48
450.00    1048.50  235912.50
453.00    1055.49  239068.49
456.00    1062.48  242245.44
459.00    1069.47  245443.37
462.00    1076.46  248662.26
465.00    1083.45  251902.12
468.00    1090.44  255162.96
471.00    1097.43  258444.77
474.00    1104.42  261747.54
477.00    1111.41  265071.29
480.00    1118.40  268416.00
483.00    1125.39  271781.68
486.00    1132.38  275168.34
489.00    1139.37  278575.97
492.00    1146.36  282004.56
495.00    1153.35  285454.13
498.00    1160.34  288924.66
501.00    1167.33  292416.16
504.00    1174.32  295928.64
507.00    1181.31  299462.08
510.00    1188.30  303016.50
513.00    1195.29  306591.89
516.00    1202.28  310188.24
519.00    1209.27  313805.57
522.00    1216.26  317443.86
525.00    1223.25  321103.12
528.00    1230.24  324783.36
531.00    1237.23  328484.57
534.00    1244.22  332206.74
537.00    1251.21  335949.89
540.00    1258.20  339714.00
543.00    1265.19  343499.09
546.00    1272.18  347305.14
549.00    1279.17  351132.17
552.00    1286.16  354980.16
555.00    1293.15  358849.12
558.00    1300.14  362739.06
561.00    1307.13  366649.97
564.00    1314.12  370581.84
567.00    1321.11  374534.69
570.00    1328.10  378508.50
573.00    1335.09  382503.29
576.00    1342.08  386519.04
579.00    1349.07  390555.76
582.00    1356.06  394613.46
585.00    1363.05  398692.12
588.00    1370.04  402791.76
591.00    1377.03  406912.36
594.00    1384.02  411053.94
597.00    1391.01  415216.48
600.00    1398.00  419400.00
